4294967294,1428
4294967294,1429
4294967294,1427
4294967279,386
4294967294,1440
62,0
67,0
67,6
67,5
67,4
67,3
67,2
67,1
60,0
4294967294,1439
65,0
65,6
65,5
65,4
65,3
65,2
65,1
4294967279,239
4294967294,1438
4294967279,228
4294967294,179
4294967278,307
4294967294,1423
4294967294,1250
4294967294,1437
4294967294,1436
4294967294,1435
4294967294,1249
4294967294,1434
4294967294,1433
4294967294,1432
4294967294,1431
4294967294,1425
4294967294,1422
4294967294,1418
4294967294,1416
4294967294,1415
4294967294,1414
4294967294,1413
4294967294,1412
4294967294,1411
4294967294,1417
4294967294,1410
4294967294,1409
4294967294,1408
4294967294,1420
4294967294,1419
4294967294,1279
4294967294,1278
4294967294,1277
4294967294,1430
4294967294,1276
4294967294,1275
4294967294,1274
4294967294,1273
4294967294,1272
4294967294,1271
4294967294,1270
4294967294,1269
4294967294,1268
4294967294,1267
4294967294,1266
4294967294,1265
4294967294,1244
4294967294,1241
4294967294,1227
4294967294,1223
4294967294,159
4294967294,66
4294967294,65
4294967294,64
4294967279,410
4294967278,260
62,6
62,5
62,4
62,2
62,1
60,5
60,4
60,2
60,1
58,6
58,5
58,4
58,3
58,2
58,1
58,0
56,5
56,4
56,3
56,2
56,1
4294967294,81
30,5
30,4
30,3
30,2
30,1
30,0
24,4
24,3
24,2
24,1
24,0
3,5
3,4
3,3
3,2
3,1
3,0
4294967294,188
4294967294,503
4294967294,502
4294967294,501
4294967294,500
4294967294,499
4294967294,498
4294967278,401
4294967278,400
4294967278,399
4294967278,398
4294967278,397
4294967278,396
4294967294,497
4294967294,496
4294967278,395
4294967278,394
4294967278,393
4294967278,392
4294967278,391
63,0
63,5
63,4
63,3
63,2
63,1
4294967294,495
4294967294,461
4294967278,390
4294967294,494
4294967294,493
4294967294,492
4294967294,491
4294967294,261
4294967294,259
4294967294,465
4294967278,389
4294967278,388
4294967294,490
4294967294,489
4294967294,449
4294967278,387
4294967278,386
4294967278,385
4294967278,384
4294967294,463
4294967294,488
4294967294,1169
4294967294,1178
4294967294,1187
4294967294,1210
4294967294,1196
4294967294,1405
4294967294,1377
4294967294,1372
4294967294,1359
4294967294,1214
4294967294,1213
4294967294,1208
4294967294,1207
4294967294,1206
4294967294,1205
4294967294,1202
4294967294,1201
4294967294,1199
4294967294,1195
4294967294,1185
4294967294,1184
4294967294,1180
4294967294,1171
4294967294,1163
4294967294,1155
4294967294,1154
4294967294,1153
4294967294,1152
4294967294,486
4294967294,485
4294967294,484
4294967294,483
4294967294,482
4294967294,480
4294967294,479
4294967294,478
4294967294,476
4294967294,472
4294967294,464
4294967294,458
4294967294,457
4294967294,453
4294967294,451
4294967294,448
4294967294,260
4294967294,63
4294967294,62
4294967294,61
4294967294,60
4294967294,35
4294967294,34
4294967294,33
4294967294,32
4294967294,31
4294967294,30
4294967294,23
4294967294,22
4294967294,21
4294967294,11
4294967294,10
4294967294,9
4294967294,7
4294967294,6
4294967279,174
4294967279,0
4294967294,419
4294967294,407
4294967294,252
4294967294,410
4294967294,397
4294967278,380
4294967294,411
4294967294,406
4294967294,418
4294967294,402
4294967278,345
4294967278,187
4294967278,343
4294967279,305
4294967278,184
4294967278,183
4294967294,392
4294967294,388
4294967278,182
4294967294,247
4294967278,367
4294967294,590
4294967294,405
4294967294,422
4294967294,202
4294967294,206
4294967278,181
4294967278,366
4294967294,214
4294967278,180
4294967278,177
4294967279,303
4294967278,173
4294967294,384
4294967279,302
4294967294,207
4294967294,219
4294967294,249
4294967279,88
4294967278,164
4294967278,334
51,3
49,3
4294967278,161
4294967278,332
4294967279,300
4294967294,413
4294967294,248
4294967294,254
4294967294,220
4294967294,218
32,3
11,3
4294967294,415
4294967278,346
4294967294,417
4294967278,151
4294967278,148
4294967278,147
4294967294,215
4294967278,146
4294967278,0
4294967294,395
4294967294,396
4294967294,420
4294967294,390
4294967278,145
4294967278,328
4294967294,393
4294967294,389
4294967294,425
4294967294,387
4294967278,144
4294967278,139
4294967278,325
4294967294,386
4294967279,276
4294967278,136
4294967294,255
4294967278,135
4294967294,253
4294967294,437
4294967294,409
4294967294,399
4294967294,443
4294967294,385
4294967294,421
4294967294,250
4294967294,403
4294967278,134
4294967278,133
4294967294,221
4294967294,204
4294967294,394
4294967279,274
4294967279,272
4294967279,270
4294967293,127
4294967293,126
4294967293,125
4294967293,124
4294967293,123
4294967293,122
4294967293,121
4294967293,120
4294967293,119
4294967293,118
4294967293,117
4294967293,116
4294967293,115
4294967293,114
4294967293,113
4294967293,112
4294967293,111
4294967293,110
4294967293,109
4294967293,108
4294967293,107
4294967293,106
4294967293,105
4294967293,104
4294967293,103
4294967293,102
4294967293,101
4294967293,100
4294967293,99
4294967293,98
4294967293,97
4294967293,96
4294967293,95
4294967293,94
4294967293,93
4294967293,92
4294967293,91
4294967293,90
4294967293,89
